T[i][j]	Rls	Plau	Deadline	runtime

T[0][0]	0 >	6.000000	8	(2.000000)
T[1][0]	0 >	13.000000	14	(1.000000)
T[0][1]	8 >	14.000000	16	(2.000000)
T[0][2]	16 >	22.000000	24	(2.000000)
T[1][1]	14 >	27.000000	28	(1.000000)
T[0][3]	24 >	30.000000	32	(2.000000)
T[0][4]	32 >	38.000000	40	(2.000000)
T[1][2]	28 >	41.000000	42	(1.000000)
T[0][5]	40 >	46.000000	48	(2.000000)
T[1][3]	42 >	53.000000	56	(1.000000)
T[0][6]	48 >	54.000000	56	(2.000000)
T[0][7]	56 >	62.000000	64	(2.000000)
T[1][4]	56 >	69.000000	70	(1.000000)
T[0][8]	64 >	70.000000	72	(2.000000)
T[0][9]	72 >	78.000000	80	(2.000000)
T[1][5]	70 >	83.000000	84	(1.000000)
T[0][10]	80 >	86.000000	88	(2.000000)
T[0][11]	88 >	94.000000	96	(2.000000)
T[1][6]	84 >	97.000000	98	(1.000000)
T[0][12]	96 >	102.000000	104	(2.000000)
T[1][7]	98 >	109.000000	112	(1.000000)
T[0][13]	104 >	110.000000	112	(2.000000)
T[0][14]	112 >	118.000000	120	(2.000000)
T[1][8]	112 >	125.000000	126	(1.000000)
T[0][15]	120 >	126.000000	128	(2.000000)
T[0][16]	128 >	134.000000	136	(2.000000)
T[1][9]	126 >	139.000000	140	(1.000000)
T[0][17]	136 >	142.000000	144	(2.000000)
T[0][18]	144 >	150.000000	152	(2.000000)
T[1][10]	140 >	153.000000	154	(1.000000)
T[0][19]	152 >	158.000000	160	(2.000000)
T[1][11]	154 >	165.000000	168	(1.000000)
T[0][20]	160 >	166.000000	168	(2.000000)
T[0][21]	168 >	174.000000	176	(2.000000)
T[1][12]	168 >	181.000000	182	(1.000000)
T[0][22]	176 >	182.000000	184	(2.000000)
T[0][23]	184 >	190.000000	192	(2.000000)
T[1][13]	182 >	195.000000	196	(1.000000)
T[0][24]	192 >	198.000000	200	(2.000000)
T[0][25]	200 >	206.000000	208	(2.000000)
T[1][14]	196 >	209.000000	210	(1.000000)
T[2][0]	0 >	212.000000	216	(1.000000)
T[0][26]	208 >	213.000000	216	(2.000000)
T[1][15]	210 >	215.000000	224	(1.000000)
T[0][27]	216 >	216.000000	224	(2.000000)
T[2][0]	0 >	218.000000	232	(11.000000)
T[0][28]	224 >	229.000000	232	(2.000000)
T[1][16]	224 >	231.000000	238	(1.000000)
T[0][29]	232 >	232.000000	240	(2.000000)
T[2][0]	0 >	234.000000	245	(11.000000)
T[0][30]	240 >	246.000000	248	(2.000000)
T[1][17]	238 >	251.000000	252	(1.000000)
T[0][31]	248 >	254.000000	256	(2.000000)
T[0][32]	256 >	262.000000	264	(2.000000)
T[1][18]	252 >	265.000000	266	(1.000000)
T[0][33]	264 >	270.000000	272	(2.000000)
T[1][19]	266 >	277.000000	280	(1.000000)
T[0][34]	272 >	278.000000	280	(2.000000)
T[0][35]	280 >	286.000000	288	(2.000000)
T[1][20]	280 >	293.000000	294	(1.000000)
T[0][36]	288 >	294.000000	296	(2.000000)
T[0][37]	296 >	302.000000	304	(2.000000)
T[1][21]	294 >	307.000000	308	(1.000000)
T[0][38]	304 >	310.000000	312	(2.000000)
T[0][39]	312 >	318.000000	320	(2.000000)
T[1][22]	308 >	321.000000	322	(1.000000)
T[0][40]	320 >	326.000000	328	(2.000000)
T[1][23]	322 >	333.000000	336	(1.000000)
T[0][41]	328 >	334.000000	336	(2.000000)
T[0][42]	336 >	342.000000	344	(2.000000)
T[1][24]	336 >	349.000000	350	(1.000000)
T[0][43]	344 >	350.000000	352	(2.000000)
T[0][44]	352 >	358.000000	360	(2.000000)
T[1][25]	350 >	363.000000	364	(1.000000)
T[0][45]	360 >	366.000000	368	(2.000000)
T[0][46]	368 >	373.000000	376	(2.000000)
T[1][26]	364 >	375.000000	378	(1.000000)
T[0][47]	376 >	376.000000	384	(2.000000)
T[3][0]	0 >	378.000000	392	(13.000000)
T[1][28]	392 >	391.000000	392	(1.000000)
T[1][27]	378 >	389.000000	392	(1.000000)
T[0][48]	384 >	390.000000	392	(2.000000)
T[0][49]	392 >	398.000000	400	(2.000000)
T[3][0]	0 >	393.000000	408	(13.000000)
T[0][50]	400 >	406.000000	408	(2.000000)
T[0][51]	408 >	408.000000	416	(2.000000)
T[3][0]	0 >	410.000000	420	(9.000000)
T[1][29]	406 >	419.000000	420	(1.000000)
T[0][52]	416 >	422.000000	424	(2.000000)
T[0][53]	424 >	430.000000	432	(2.000000)
T[1][30]	420 >	433.000000	434	(1.000000)
T[0][54]	432 >	438.000000	440	(2.000000)
T[1][31]	434 >	445.000000	448	(1.000000)
T[0][55]	440 >	446.000000	448	(2.000000)
T[0][56]	448 >	454.000000	456	(2.000000)
T[0][57]	456 >	459.000000	462	(1.000000)
T[2][1]	245 >	460.000000	462	(1.000000)
T[1][32]	448 >	461.000000	462	(1.000000)
T[1][33]	462 >	462.000000	464	(1.000000)
T[0][57]	456 >	463.000000	464	(1.000000)
T[0][58]	464 >	470.000000	472	(2.000000)
T[2][1]	245 >	463.000000	480	(15.000000)
T[0][59]	472 >	478.000000	480	(2.000000)
T[0][60]	480 >	480.000000	488	(2.000000)
T[2][1]	245 >	482.000000	490	(7.000000)
T[1][34]	476 >	489.000000	490	(1.000000)
T[0][61]	488 >	494.000000	496	(2.000000)
T[1][35]	490 >	501.000000	504	(1.000000)
T[0][62]	496 >	502.000000	504	(2.000000)
T[0][63]	504 >	510.000000	512	(2.000000)
T[1][36]	504 >	517.000000	518	(1.000000)
T[0][64]	512 >	518.000000	520	(2.000000)
T[0][65]	520 >	526.000000	528	(2.000000)
T[1][37]	518 >	531.000000	532	(1.000000)
T[0][66]	528 >	534.000000	536	(2.000000)
T[0][67]	536 >	542.000000	544	(2.000000)
T[1][38]	532 >	545.000000	546	(1.000000)
T[0][68]	544 >	550.000000	552	(2.000000)
T[1][39]	546 >	557.000000	560	(1.000000)
T[0][69]	552 >	558.000000	560	(2.000000)
T[0][70]	560 >	566.000000	568	(2.000000)
T[1][40]	560 >	573.000000	574	(1.000000)
T[0][71]	568 >	574.000000	576	(2.000000)
T[0][72]	576 >	582.000000	584	(2.000000)
T[1][41]	574 >	587.000000	588	(1.000000)
T[0][73]	584 >	590.000000	592	(2.000000)
T[0][74]	592 >	598.000000	600	(2.000000)
T[1][42]	588 >	601.000000	602	(1.000000)
T[0][75]	600 >	606.000000	608	(2.000000)
T[1][43]	602 >	613.000000	616	(1.000000)
T[0][76]	608 >	614.000000	616	(2.000000)
T[0][77]	616 >	622.000000	624	(2.000000)
T[1][44]	616 >	629.000000	630	(1.000000)
T[0][78]	624 >	630.000000	632	(2.000000)
T[0][79]	632 >	638.000000	640	(2.000000)
T[1][45]	630 >	643.000000	644	(1.000000)
T[0][80]	640 >	646.000000	648	(2.000000)
T[0][81]	648 >	654.000000	656	(2.000000)
T[1][46]	644 >	657.000000	658	(1.000000)
T[0][82]	656 >	662.000000	664	(2.000000)
T[1][47]	658 >	669.000000	672	(1.000000)
T[0][83]	664 >	670.000000	672	(2.000000)
T[0][84]	672 >	678.000000	680	(2.000000)
T[1][48]	672 >	685.000000	686	(1.000000)
T[0][85]	680 >	686.000000	688	(2.000000)
T[0][86]	688 >	694.000000	696	(2.000000)
T[1][49]	686 >	699.000000	700	(1.000000)
T[1][50]	700 >	701.000000	704	(1.000000)
T[0][87]	696 >	702.000000	704	(2.000000)
T[0][88]	704 >	710.000000	712	(2.000000)
T[2][2]	490 >	706.000000	720	(11.000000)
T[0][89]	712 >	717.000000	720	(2.000000)
T[1][51]	714 >	719.000000	728	(1.000000)
T[0][90]	720 >	720.000000	728	(2.000000)
T[2][2]	490 >	722.000000	735	(12.000000)
T[0][91]	728 >	734.000000	736	(2.000000)
T[1][52]	728 >	741.000000	742	(1.000000)
T[0][92]	736 >	742.000000	744	(2.000000)
T[0][93]	744 >	750.000000	752	(2.000000)
T[1][53]	742 >	755.000000	756	(1.000000)
T[0][94]	752 >	758.000000	760	(2.000000)
T[0][95]	760 >	766.000000	768	(2.000000)
T[1][54]	756 >	769.000000	770	(1.000000)
T[0][96]	768 >	774.000000	776	(2.000000)
T[1][55]	770 >	781.000000	784	(1.000000)
T[0][97]	776 >	782.000000	784	(2.000000)
T[3][1]	420 >	787.000000	792	(2.000000)
T[0][98]	784 >	789.000000	792	(2.000000)
T[1][56]	784 >	791.000000	798	(1.000000)
T[0][99]	792 >	792.000000	800	(2.000000)
T[3][1]	420 >	794.000000	808	(11.000000)
T[0][100]	800 >	805.000000	808	(2.000000)
T[1][57]	798 >	807.000000	812	(1.000000)
T[0][101]	808 >	808.000000	816	(2.000000)
T[3][1]	420 >	810.000000	824	(11.000000)
T[0][102]	816 >	821.000000	824	(2.000000)
T[1][58]	812 >	823.000000	826	(1.000000)
T[0][103]	824 >	824.000000	832	(2.000000)
T[3][1]	420 >	826.000000	840	(11.000000)
T[1][59]	826 >	837.000000	840	(1.000000)
T[0][104]	832 >	838.000000	840	(2.000000)
T[0][105]	840 >	846.000000	848	(2.000000)
T[1][60]	840 >	853.000000	854	(1.000000)
T[0][106]	848 >	854.000000	856	(2.000000)
T[0][107]	856 >	862.000000	864	(2.000000)
T[1][61]	854 >	867.000000	868	(1.000000)
T[0][108]	864 >	870.000000	872	(2.000000)
T[0][109]	872 >	878.000000	880	(2.000000)
T[1][62]	868 >	881.000000	882	(1.000000)
T[0][110]	880 >	886.000000	888	(2.000000)
T[1][63]	882 >	893.000000	896	(1.000000)
T[0][111]	888 >	894.000000	896	(2.000000)
T[0][112]	896 >	902.000000	904	(2.000000)
T[1][64]	896 >	909.000000	910	(1.000000)
T[0][113]	904 >	910.000000	912	(2.000000)
T[0][114]	912 >	918.000000	920	(2.000000)
T[1][65]	910 >	923.000000	924	(1.000000)
T[0][115]	920 >	926.000000	928	(2.000000)
T[0][116]	928 >	934.000000	936	(2.000000)
T[1][66]	924 >	937.000000	938	(1.000000)
T[0][117]	936 >	942.000000	944	(2.000000)
T[2][3]	735 >	950.000000	952	(1.000000)
T[1][68]	952 >	951.000000	952	(1.000000)
T[1][67]	938 >	949.000000	952	(1.000000)
T[0][118]	944 >	950.000000	952	(2.000000)
T[0][119]	952 >	958.000000	960	(2.000000)
T[2][3]	735 >	953.000000	968	(13.000000)
T[0][120]	960 >	966.000000	968	(2.000000)
T[0][121]	968 >	968.000000	976	(2.000000)
T[2][3]	735 >	970.000000	980	(9.000000)
T[1][69]	966 >	979.000000	980	(1.000000)
T[0][122]	976 >	982.000000	984	(2.000000)
T[0][123]	984 >	990.000000	992	(2.000000)
T[1][70]	980 >	993.000000	994	(1.000000)
T[0][124]	992 >	998.000000	1000	(2.000000)
T[1][71]	994 >	1005.000000	1008	(1.000000)
T[0][125]	1000 >	1006.000000	1008	(2.000000)
T[0][126]	1008 >	1014.000000	1016	(2.000000)
T[1][72]	1008 >	1021.000000	1022	(1.000000)
T[0][127]	1016 >	1022.000000	1024	(2.000000)
T[0][128]	1024 >	1030.000000	1032	(2.000000)
T[1][73]	1022 >	1035.000000	1036	(1.000000)
T[0][129]	1032 >	1038.000000	1040	(2.000000)
T[0][130]	1040 >	1046.000000	1048	(2.000000)
T[1][74]	1036 >	1049.000000	1050	(1.000000)
T[0][131]	1048 >	1054.000000	1056	(2.000000)
T[1][75]	1050 >	1061.000000	1064	(1.000000)
T[0][132]	1056 >	1062.000000	1064	(2.000000)
T[0][133]	1064 >	1070.000000	1072	(2.000000)
T[1][76]	1064 >	1077.000000	1078	(1.000000)
T[0][134]	1072 >	1078.000000	1080	(2.000000)
T[0][135]	1080 >	1086.000000	1088	(2.000000)
T[1][77]	1078 >	1091.000000	1092	(1.000000)
T[0][136]	1088 >	1094.000000	1096	(2.000000)
T[0][137]	1096 >	1102.000000	1104	(2.000000)
T[1][78]	1092 >	1105.000000	1106	(1.000000)
T[0][138]	1104 >	1110.000000	1112	(2.000000)
T[1][79]	1106 >	1117.000000	1120	(1.000000)
T[0][139]	1112 >	1118.000000	1120	(2.000000)
T[0][140]	1120 >	1126.000000	1128	(2.000000)
T[1][80]	1120 >	1133.000000	1134	(1.000000)
T[0][141]	1128 >	1134.000000	1136	(2.000000)
T[0][142]	1136 >	1142.000000	1144	(2.000000)
T[1][81]	1134 >	1147.000000	1148	(1.000000)
T[0][143]	1144 >	1150.000000	1152	(2.000000)
T[0][144]	1152 >	1158.000000	1160	(2.000000)
T[1][82]	1148 >	1161.000000	1162	(1.000000)
T[0][145]	1160 >	1166.000000	1168	(2.000000)
T[1][83]	1162 >	1173.000000	1176	(1.000000)
T[0][146]	1168 >	1174.000000	1176	(2.000000)
T[0][147]	1176 >	1181.000000	1184	(2.000000)
T[1][84]	1176 >	1183.000000	1190	(1.000000)
T[0][148]	1184 >	1184.000000	1192	(2.000000)
T[2][4]	980 >	1186.000000	1200	(11.000000)
T[0][149]	1192 >	1197.000000	1200	(2.000000)
T[1][85]	1190 >	1199.000000	1204	(1.000000)
T[0][150]	1200 >	1200.000000	1208	(2.000000)
T[2][4]	980 >	1202.000000	1216	(12.000000)
T[0][151]	1208 >	1214.000000	1216	(2.000000)
T[1][86]	1204 >	1217.000000	1218	(1.000000)
T[0][152]	1216 >	1222.000000	1224	(2.000000)
T[3][2]	840 >	1218.000000	1232	(13.000000)
T[1][88]	1232 >	1231.000000	1232	(1.000000)
T[1][87]	1218 >	1229.000000	1232	(1.000000)
T[0][153]	1224 >	1230.000000	1232	(2.000000)
T[0][154]	1232 >	1238.000000	1240	(2.000000)
T[3][2]	840 >	1233.000000	1248	(13.000000)
T[0][155]	1240 >	1246.000000	1248	(2.000000)
T[0][156]	1248 >	1248.000000	1256	(2.000000)
T[3][2]	840 >	1250.000000	1260	(9.000000)
T[1][89]	1246 >	1259.000000	1260	(1.000000)
T[0][157]	1256 >	1262.000000	1264	(2.000000)
T[0][158]	1264 >	1270.000000	1272	(2.000000)
T[1][90]	1260 >	1273.000000	1274	(1.000000)
T[0][159]	1272 >	1278.000000	1280	(2.000000)
T[1][91]	1274 >	1285.000000	1288	(1.000000)
T[0][160]	1280 >	1286.000000	1288	(2.000000)
T[0][161]	1288 >	1294.000000	1296	(2.000000)
T[1][92]	1288 >	1301.000000	1302	(1.000000)
T[0][162]	1296 >	1302.000000	1304	(2.000000)
T[0][163]	1304 >	1310.000000	1312	(2.000000)
T[1][93]	1302 >	1315.000000	1316	(1.000000)
T[0][164]	1312 >	1318.000000	1320	(2.000000)
T[0][165]	1320 >	1326.000000	1328	(2.000000)
T[1][94]	1316 >	1329.000000	1330	(1.000000)
T[0][166]	1328 >	1334.000000	1336	(2.000000)
T[1][95]	1330 >	1341.000000	1344	(1.000000)
T[0][167]	1336 >	1342.000000	1344	(2.000000)
T[0][168]	1344 >	1350.000000	1352	(2.000000)
T[1][96]	1344 >	1357.000000	1358	(1.000000)
T[0][169]	1352 >	1358.000000	1360	(2.000000)
T[0][170]	1360 >	1366.000000	1368	(2.000000)
T[1][97]	1358 >	1371.000000	1372	(1.000000)
T[0][171]	1368 >	1374.000000	1376	(2.000000)
T[0][172]	1376 >	1382.000000	1384	(2.000000)
T[1][98]	1372 >	1385.000000	1386	(1.000000)
T[0][173]	1384 >	1390.000000	1392	(2.000000)
T[1][99]	1386 >	1397.000000	1400	(1.000000)
T[0][174]	1392 >	1398.000000	1400	(2.000000)
T[0][175]	1400 >	1406.000000	1408	(2.000000)
T[1][100]	1400 >	1413.000000	1414	(1.000000)
T[0][176]	1408 >	1414.000000	1416	(2.000000)
T[0][177]	1416 >	1422.000000	1424	(2.000000)
T[1][101]	1414 >	1427.000000	1428	(1.000000)
T[0][178]	1424 >	1430.000000	1432	(2.000000)
T[2][5]	1225 >	1436.000000	1440	(1.000000)
T[0][179]	1432 >	1437.000000	1440	(2.000000)
T[1][102]	1428 >	1439.000000	1442	(1.000000)
T[0][180]	1440 >	1440.000000	1448	(2.000000)
T[2][5]	1225 >	1442.000000	1456	(11.000000)
T[1][103]	1442 >	1453.000000	1456	(1.000000)
T[0][181]	1448 >	1454.000000	1456	(2.000000)
T[0][182]	1456 >	1456.000000	1464	(2.000000)
T[2][5]	1225 >	1458.000000	1470	(11.000000)
T[1][104]	1456 >	1469.000000	1470	(1.000000)
T[0][183]	1464 >	1470.000000	1472	(2.000000)
T[0][184]	1472 >	1478.000000	1480	(2.000000)
T[1][105]	1470 >	1483.000000	1484	(1.000000)
T[0][185]	1480 >	1486.000000	1488	(2.000000)
T[0][186]	1488 >	1494.000000	1496	(2.000000)
T[1][106]	1484 >	1497.000000	1498	(1.000000)
T[0][187]	1496 >	1502.000000	1504	(2.000000)
T[1][107]	1498 >	1509.000000	1512	(1.000000)
T[0][188]	1504 >	1510.000000	1512	(2.000000)
T[0][189]	1512 >	1518.000000	1520	(2.000000)
T[1][108]	1512 >	1525.000000	1526	(1.000000)
T[0][190]	1520 >	1526.000000	1528	(2.000000)
T[0][191]	1528 >	1534.000000	1536	(2.000000)
T[1][109]	1526 >	1539.000000	1540	(1.000000)
T[0][192]	1536 >	1542.000000	1544	(2.000000)
T[0][193]	1544 >	1550.000000	1552	(2.000000)
T[1][110]	1540 >	1553.000000	1554	(1.000000)
T[0][194]	1552 >	1558.000000	1560	(2.000000)
T[1][111]	1554 >	1565.000000	1568	(1.000000)
T[0][195]	1560 >	1566.000000	1568	(2.000000)
T[0][196]	1568 >	1574.000000	1576	(2.000000)
T[1][112]	1568 >	1581.000000	1582	(1.000000)
T[0][197]	1576 >	1582.000000	1584	(2.000000)
T[0][198]	1584 >	1590.000000	1592	(2.000000)
T[1][113]	1582 >	1595.000000	1596	(1.000000)
T[0][199]	1592 >	1598.000000	1600	(2.000000)
T[0][200]	1600 >	1606.000000	1608	(2.000000)
T[1][114]	1596 >	1609.000000	1610	(1.000000)
T[0][201]	1608 >	1614.000000	1616	(2.000000)
T[1][115]	1610 >	1621.000000	1624	(1.000000)
T[0][202]	1616 >	1622.000000	1624	(2.000000)
T[3][3]	1260 >	1627.000000	1632	(2.000000)
T[0][203]	1624 >	1629.000000	1632	(2.000000)
T[1][116]	1624 >	1631.000000	1638	(1.000000)
T[0][204]	1632 >	1632.000000	1640	(2.000000)
T[3][3]	1260 >	1634.000000	1648	(11.000000)
T[0][205]	1640 >	1645.000000	1648	(2.000000)
T[1][117]	1638 >	1647.000000	1652	(1.000000)
T[0][206]	1648 >	1648.000000	1656	(2.000000)
T[3][3]	1260 >	1650.000000	1664	(11.000000)
T[0][207]	1656 >	1661.000000	1664	(2.000000)
T[1][118]	1652 >	1663.000000	1666	(1.000000)
T[0][208]	1664 >	1664.000000	1672	(2.000000)
T[3][3]	1260 >	1666.000000	1680	(11.000000)
T[1][119]	1666 >	1677.000000	1680	(1.000000)
T[0][209]	1672 >	1678.000000	1680	(2.000000)
T[2][6]	1470 >	1682.000000	1688	(3.000000)
T[0][210]	1680 >	1685.000000	1688	(2.000000)
T[1][120]	1680 >	1687.000000	1694	(1.000000)
T[0][211]	1688 >	1688.000000	1696	(2.000000)
T[2][6]	1470 >	1690.000000	1704	(11.000000)
T[0][212]	1696 >	1701.000000	1704	(2.000000)
T[1][121]	1694 >	1703.000000	1708	(1.000000)
T[0][213]	1704 >	1704.000000	1712	(2.000000)
T[2][6]	1470 >	1706.000000	1715	(9.000000)
T[0][214]	1712 >	1718.000000	1720	(2.000000)
T[1][122]	1708 >	1721.000000	1722	(1.000000)
T[0][215]	1720 >	1726.000000	1728	(2.000000)
T[1][123]	1722 >	1733.000000	1736	(1.000000)
T[0][216]	1728 >	1734.000000	1736	(2.000000)
T[0][217]	1736 >	1742.000000	1744	(2.000000)
T[1][124]	1736 >	1749.000000	1750	(1.000000)
T[0][218]	1744 >	1750.000000	1752	(2.000000)
T[0][219]	1752 >	1758.000000	1760	(2.000000)
T[1][125]	1750 >	1763.000000	1764	(1.000000)
T[0][220]	1760 >	1766.000000	1768	(2.000000)
T[0][221]	1768 >	1774.000000	1776	(2.000000)
T[1][126]	1764 >	1777.000000	1778	(1.000000)
T[0][222]	1776 >	1782.000000	1784	(2.000000)
T[1][127]	1778 >	1789.000000	1792	(1.000000)
T[0][223]	1784 >	1790.000000	1792	(2.000000)
T[0][224]	1792 >	1798.000000	1800	(2.000000)
T[1][128]	1792 >	1805.000000	1806	(1.000000)
T[0][225]	1800 >	1806.000000	1808	(2.000000)
T[0][226]	1808 >	1814.000000	1816	(2.000000)
T[1][129]	1806 >	1819.000000	1820	(1.000000)
T[0][227]	1816 >	1822.000000	1824	(2.000000)
T[0][228]	1824 >	1830.000000	1832	(2.000000)
T[1][130]	1820 >	1833.000000	1834	(1.000000)
T[0][229]	1832 >	1838.000000	1840	(2.000000)
T[1][131]	1834 >	1845.000000	1848	(1.000000)
T[0][230]	1840 >	1846.000000	1848	(2.000000)
T[0][231]	1848 >	1854.000000	1856	(2.000000)
T[1][132]	1848 >	1861.000000	1862	(1.000000)
T[0][232]	1856 >	1862.000000	1864	(2.000000)
T[0][233]	1864 >	1870.000000	1872	(2.000000)
T[1][133]	1862 >	1875.000000	1876	(1.000000)
T[0][234]	1872 >	1878.000000	1880	(2.000000)
T[0][235]	1880 >	1886.000000	1888	(2.000000)
T[1][134]	1876 >	1889.000000	1890	(1.000000)
T[0][236]	1888 >	1894.000000	1896	(2.000000)
T[1][135]	1890 >	1901.000000	1904	(1.000000)
T[0][237]	1896 >	1902.000000	1904	(2.000000)
T[0][238]	1904 >	1910.000000	1912	(2.000000)
T[1][136]	1904 >	1917.000000	1918	(1.000000)
T[0][239]	1912 >	1918.000000	1920	(2.000000)
T[2][7]	1715 >	1924.000000	1928	(1.000000)
T[0][240]	1920 >	1925.000000	1928	(2.000000)
T[1][137]	1918 >	1927.000000	1932	(1.000000)
T[0][241]	1928 >	1928.000000	1936	(2.000000)
T[2][7]	1715 >	1930.000000	1944	(11.000000)
T[0][242]	1936 >	1941.000000	1944	(2.000000)
T[1][138]	1932 >	1943.000000	1946	(1.000000)
T[0][243]	1944 >	1944.000000	1952	(2.000000)
T[2][7]	1715 >	1946.000000	1960	(11.000000)
T[1][139]	1946 >	1957.000000	1960	(1.000000)
T[0][244]	1952 >	1958.000000	1960	(2.000000)
T[0][245]	1960 >	1966.000000	1968	(2.000000)
T[1][140]	1960 >	1973.000000	1974	(1.000000)
T[0][246]	1968 >	1974.000000	1976	(2.000000)
T[0][247]	1976 >	1982.000000	1984	(2.000000)
T[1][141]	1974 >	1987.000000	1988	(1.000000)
T[0][248]	1984 >	1990.000000	1992	(2.000000)
T[0][249]	1992 >	1998.000000	2000	(2.000000)
T[1][142]	1988 >	2001.000000	2002	(1.000000)
T[0][250]	2000 >	2006.000000	2008	(2.000000)
T[1][143]	2002 >	2013.000000	2016	(1.000000)
T[0][251]	2008 >	2014.000000	2016	(2.000000)
T[0][252]	2016 >	2022.000000	2024	(2.000000)
T[1][144]	2016 >	2029.000000	2030	(1.000000)
T[0][253]	2024 >	2030.000000	2032	(2.000000)
T[0][254]	2032 >	2038.000000	2040	(2.000000)
T[1][145]	2030 >	2043.000000	2044	(1.000000)
T[0][255]	2040 >	2046.000000	2048	(2.000000)
T[0][256]	2048 >	2053.000000	2056	(2.000000)
T[1][146]	2044 >	2055.000000	2058	(1.000000)
T[0][257]	2056 >	2056.000000	2064	(2.000000)
T[3][4]	1680 >	2058.000000	2072	(13.000000)
T[1][148]	2072 >	2071.000000	2072	(1.000000)
T[1][147]	2058 >	2069.000000	2072	(1.000000)
T[0][258]	2064 >	2070.000000	2072	(2.000000)
T[0][259]	2072 >	2078.000000	2080	(2.000000)
T[3][4]	1680 >	2073.000000	2088	(13.000000)
T[0][260]	2080 >	2086.000000	2088	(2.000000)
T[0][261]	2088 >	2088.000000	2096	(2.000000)
T[3][4]	1680 >	2090.000000	2100	(9.000000)
T[1][149]	2086 >	2099.000000	2100	(1.000000)
T[0][262]	2096 >	2102.000000	2104	(2.000000)
T[0][263]	2104 >	2110.000000	2112	(2.000000)
T[1][150]	2100 >	2113.000000	2114	(1.000000)
T[0][264]	2112 >	2118.000000	2120	(2.000000)
T[1][151]	2114 >	2125.000000	2128	(1.000000)
T[0][265]	2120 >	2126.000000	2128	(2.000000)
T[0][266]	2128 >	2134.000000	2136	(2.000000)
T[1][152]	2128 >	2141.000000	2142	(1.000000)
T[0][267]	2136 >	2142.000000	2144	(2.000000)
T[0][268]	2144 >	2150.000000	2152	(2.000000)
T[1][153]	2142 >	2155.000000	2156	(1.000000)
T[0][269]	2152 >	2158.000000	2160	(2.000000)
T[0][270]	2160 >	2166.000000	2168	(2.000000)
T[1][154]	2156 >	2169.000000	2170	(1.000000)
T[2][8]	1960 >	2172.000000	2176	(1.000000)
T[0][271]	2168 >	2173.000000	2176	(2.000000)
T[1][155]	2170 >	2175.000000	2184	(1.000000)
T[0][272]	2176 >	2176.000000	2184	(2.000000)
T[2][8]	1960 >	2178.000000	2192	(11.000000)
T[0][273]	2184 >	2189.000000	2192	(2.000000)
T[1][156]	2184 >	2191.000000	2198	(1.000000)
T[0][274]	2192 >	2192.000000	2200	(2.000000)
T[2][8]	1960 >	2194.000000	2205	(11.000000)
T[0][275]	2200 >	2206.000000	2208	(2.000000)
T[1][157]	2198 >	2211.000000	2212	(1.000000)
T[0][276]	2208 >	2214.000000	2216	(2.000000)
T[0][277]	2216 >	2222.000000	2224	(2.000000)
T[1][158]	2212 >	2225.000000	2226	(1.000000)
T[0][278]	2224 >	2230.000000	2232	(2.000000)
T[1][159]	2226 >	2237.000000	2240	(1.000000)
T[0][279]	2232 >	2238.000000	2240	(2.000000)
T[0][280]	2240 >	2246.000000	2248	(2.000000)
T[1][160]	2240 >	2253.000000	2254	(1.000000)
T[0][281]	2248 >	2254.000000	2256	(2.000000)
T[0][282]	2256 >	2262.000000	2264	(2.000000)
T[1][161]	2254 >	2267.000000	2268	(1.000000)
T[0][283]	2264 >	2270.000000	2272	(2.000000)
T[0][284]	2272 >	2278.000000	2280	(2.000000)
T[1][162]	2268 >	2281.000000	2282	(1.000000)
T[0][285]	2280 >	2286.000000	2288	(2.000000)
T[1][163]	2282 >	2293.000000	2296	(1.000000)
T[0][286]	2288 >	2294.000000	2296	(2.000000)
T[0][287]	2296 >	2302.000000	2304	(2.000000)
T[1][164]	2296 >	2309.000000	2310	(1.000000)
T[0][288]	2304 >	2310.000000	2312	(2.000000)
T[0][289]	2312 >	2318.000000	2320	(2.000000)
T[1][165]	2310 >	2323.000000	2324	(1.000000)
T[0][290]	2320 >	2326.000000	2328	(2.000000)
T[0][291]	2328 >	2334.000000	2336	(2.000000)
T[1][166]	2324 >	2337.000000	2338	(1.000000)
T[0][292]	2336 >	2342.000000	2344	(2.000000)
T[1][167]	2338 >	2349.000000	2352	(1.000000)
T[0][293]	2344 >	2350.000000	2352	(2.000000)
T[0][294]	2352 >	2358.000000	2360	(2.000000)
T[1][168]	2352 >	2365.000000	2366	(1.000000)
T[0][295]	2360 >	2366.000000	2368	(2.000000)
T[0][296]	2368 >	2374.000000	2376	(2.000000)
T[1][169]	2366 >	2379.000000	2380	(1.000000)
T[0][297]	2376 >	2382.000000	2384	(2.000000)
T[0][298]	2384 >	2390.000000	2392	(2.000000)
T[1][170]	2380 >	2393.000000	2394	(1.000000)
T[0][299]	2392 >	2398.000000	2400	(2.000000)
T[1][171]	2394 >	2405.000000	2408	(1.000000)
T[0][300]	2400 >	2406.000000	2408	(2.000000)
T[0][301]	2408 >	2414.000000	2416	(2.000000)
T[0][302]	2416 >	2419.000000	2422	(1.000000)
T[2][9]	2205 >	2420.000000	2422	(1.000000)
T[1][172]	2408 >	2421.000000	2422	(1.000000)
T[1][173]	2422 >	2422.000000	2424	(1.000000)
T[0][302]	2416 >	2423.000000	2424	(1.000000)
T[0][303]	2424 >	2430.000000	2432	(2.000000)
T[2][9]	2205 >	2423.000000	2440	(15.000000)
T[0][304]	2432 >	2438.000000	2440	(2.000000)
T[0][305]	2440 >	2440.000000	2448	(2.000000)
T[2][9]	2205 >	2442.000000	2450	(7.000000)
T[1][174]	2436 >	2449.000000	2450	(1.000000)
T[0][306]	2448 >	2454.000000	2456	(2.000000)
T[1][175]	2450 >	2461.000000	2464	(1.000000)
T[0][307]	2456 >	2462.000000	2464	(2.000000)
T[3][5]	2100 >	2467.000000	2472	(2.000000)
T[0][308]	2464 >	2469.000000	2472	(2.000000)
T[1][176]	2464 >	2471.000000	2478	(1.000000)
T[0][309]	2472 >	2472.000000	2480	(2.000000)
T[3][5]	2100 >	2474.000000	2488	(11.000000)
T[0][310]	2480 >	2485.000000	2488	(2.000000)
T[1][177]	2478 >	2487.000000	2492	(1.000000)
T[0][311]	2488 >	2488.000000	2496	(2.000000)
T[3][5]	2100 >	2490.000000	2504	(11.000000)
T[0][312]	2496 >	2501.000000	2504	(2.000000)
T[1][178]	2492 >	2503.000000	2506	(1.000000)
T[0][313]	2504 >	2504.000000	2512	(2.000000)
T[3][5]	2100 >	2506.000000	2520	(11.000000)
T[1][179]	2506 >	2517.000000	2520	(1.000000)
T[0][314]	2512 >	2518.000000	2520	(2.000000)
T[0][315]	2520 >	2526.000000	2528	(2.000000)
T[1][180]	2520 >	2533.000000	2534	(1.000000)
T[0][316]	2528 >	2534.000000	2536	(2.000000)
T[0][317]	2536 >	2542.000000	2544	(2.000000)
T[1][181]	2534 >	2547.000000	2548	(1.000000)
T[0][318]	2544 >	2550.000000	2552	(2.000000)
T[0][319]	2552 >	2558.000000	2560	(2.000000)
T[1][182]	2548 >	2561.000000	2562	(1.000000)
T[0][320]	2560 >	2566.000000	2568	(2.000000)
T[1][183]	2562 >	2573.000000	2576	(1.000000)
T[0][321]	2568 >	2574.000000	2576	(2.000000)
T[0][322]	2576 >	2582.000000	2584	(2.000000)
T[1][184]	2576 >	2589.000000	2590	(1.000000)
T[0][323]	2584 >	2590.000000	2592	(2.000000)
T[0][324]	2592 >	2598.000000	2600	(2.000000)
T[1][185]	2590 >	2603.000000	2604	(1.000000)
T[0][325]	2600 >	2606.000000	2608	(2.000000)
T[0][326]	2608 >	2614.000000	2616	(2.000000)
T[1][186]	2604 >	2617.000000	2618	(1.000000)
T[0][327]	2616 >	2622.000000	2624	(2.000000)
T[1][187]	2618 >	2629.000000	2632	(1.000000)
T[0][328]	2624 >	2630.000000	2632	(2.000000)
T[0][329]	2632 >	2638.000000	2640	(2.000000)
T[1][188]	2632 >	2645.000000	2646	(1.000000)
T[0][330]	2640 >	2646.000000	2648	(2.000000)
T[0][331]	2648 >	2654.000000	2656	(2.000000)
T[1][189]	2646 >	2659.000000	2660	(1.000000)
T[1][190]	2660 >	2661.000000	2664	(1.000000)
T[0][332]	2656 >	2662.000000	2664	(2.000000)
T[0][333]	2664 >	2670.000000	2672	(2.000000)
T[2][10]	2450 >	2666.000000	2680	(11.000000)
T[0][334]	2672 >	2677.000000	2680	(2.000000)
T[1][191]	2674 >	2679.000000	2688	(1.000000)
T[0][335]	2680 >	2680.000000	2688	(2.000000)
T[2][10]	2450 >	2682.000000	2695	(12.000000)
T[0][336]	2688 >	2694.000000	2696	(2.000000)
T[1][192]	2688 >	2701.000000	2702	(1.000000)
T[0][337]	2696 >	2702.000000	2704	(2.000000)
T[0][338]	2704 >	2710.000000	2712	(2.000000)
T[1][193]	2702 >	2715.000000	2716	(1.000000)
T[0][339]	2712 >	2718.000000	2720	(2.000000)
T[0][340]	2720 >	2726.000000	2728	(2.000000)
T[1][194]	2716 >	2729.000000	2730	(1.000000)
T[0][341]	2728 >	2734.000000	2736	(2.000000)
T[1][195]	2730 >	2741.000000	2744	(1.000000)
T[0][342]	2736 >	2742.000000	2744	(2.000000)
T[0][343]	2744 >	2750.000000	2752	(2.000000)
T[1][196]	2744 >	2757.000000	2758	(1.000000)
T[0][344]	2752 >	2758.000000	2760	(2.000000)
T[0][345]	2760 >	2766.000000	2768	(2.000000)
T[1][197]	2758 >	2771.000000	2772	(1.000000)
T[0][346]	2768 >	2774.000000	2776	(2.000000)
T[0][347]	2776 >	2782.000000	2784	(2.000000)
T[1][198]	2772 >	2785.000000	2786	(1.000000)
T[0][348]	2784 >	2790.000000	2792	(2.000000)
T[1][199]	2786 >	2797.000000	2800	(1.000000)
T[0][349]	2792 >	2798.000000	2800	(2.000000)
T[0][350]	2800 >	2806.000000	2808	(2.000000)
T[1][200]	2800 >	2813.000000	2814	(1.000000)
T[0][351]	2808 >	2814.000000	2816	(2.000000)
T[0][352]	2816 >	2822.000000	2824	(2.000000)
T[1][201]	2814 >	2827.000000	2828	(1.000000)
T[0][353]	2824 >	2830.000000	2832	(2.000000)
T[0][354]	2832 >	2838.000000	2840	(2.000000)
T[1][202]	2828 >	2841.000000	2842	(1.000000)
T[0][355]	2840 >	2846.000000	2848	(2.000000)
T[1][203]	2842 >	2853.000000	2856	(1.000000)
T[0][356]	2848 >	2854.000000	2856	(2.000000)
T[0][357]	2856 >	2862.000000	2864	(2.000000)
T[1][204]	2856 >	2869.000000	2870	(1.000000)
T[0][358]	2864 >	2870.000000	2872	(2.000000)
T[0][359]	2872 >	2878.000000	2880	(2.000000)
T[1][205]	2870 >	2881.000000	2884	(1.000000)
T[0][360]	2880 >	2882.000000	2888	(2.000000)
T[3][6]	2520 >	2884.000000	2896	(9.000000)
T[0][361]	2888 >	2893.000000	2896	(2.000000)
T[1][206]	2884 >	2895.000000	2898	(1.000000)
T[0][362]	2896 >	2896.000000	2904	(2.000000)
T[3][6]	2520 >	2898.000000	2912	(13.000000)
T[1][208]	2912 >	2911.000000	2912	(1.000000)
T[1][207]	2898 >	2909.000000	2912	(1.000000)
T[0][363]	2904 >	2910.000000	2912	(2.000000)
T[0][364]	2912 >	2918.000000	2920	(2.000000)
T[3][6]	2520 >	2913.000000	2928	(13.000000)
T[0][365]	2920 >	2926.000000	2928	(2.000000)
T[0][366]	2928 >	2934.000000	2936	(2.000000)
T[2][11]	2695 >	2916.000000	2940	(23.000000)
T[1][209]	2926 >	2939.000000	2940	(1.000000)
T[0][367]	2936 >	2942.000000	2944	(2.000000)
T[0][368]	2944 >	2950.000000	2952	(2.000000)
T[1][210]	2940 >	2953.000000	2954	(1.000000)
T[0][369]	2952 >	2958.000000	2960	(2.000000)
T[1][211]	2954 >	2965.000000	2968	(1.000000)
T[0][370]	2960 >	2966.000000	2968	(2.000000)
T[0][371]	2968 >	2974.000000	2976	(2.000000)
T[1][212]	2968 >	2981.000000	2982	(1.000000)
T[0][372]	2976 >	2982.000000	2984	(2.000000)
T[0][373]	2984 >	2990.000000	2992	(2.000000)
T[1][213]	2982 >	2995.000000	2996	(1.000000)
T[0][374]	2992 >	2998.000000	3000	(2.000000)
T[0][375]	3000 >	3006.000000	3008	(2.000000)
T[1][214]	2996 >	3009.000000	3010	(1.000000)
T[0][376]	3008 >	3014.000000	3016	(2.000000)
T[1][215]	3010 >	3021.000000	3024	(1.000000)
T[0][377]	3016 >	3022.000000	3024	(2.000000)
T[0][378]	3024 >	3030.000000	3032	(2.000000)
T[1][216]	3024 >	3037.000000	3038	(1.000000)
T[0][379]	3032 >	3038.000000	3040	(2.000000)
T[0][380]	3040 >	3046.000000	3048	(2.000000)
T[1][217]	3038 >	3051.000000	3052	(1.000000)
T[0][381]	3048 >	3054.000000	3056	(2.000000)
T[0][382]	3056 >	3062.000000	3064	(2.000000)
T[1][218]	3052 >	3065.000000	3066	(1.000000)
T[0][383]	3064 >	3070.000000	3072	(2.000000)
T[1][219]	3066 >	3077.000000	3080	(1.000000)
T[0][384]	3072 >	3078.000000	3080	(2.000000)
T[0][385]	3080 >	3086.000000	3088	(2.000000)
T[1][220]	3080 >	3093.000000	3094	(1.000000)
T[0][386]	3088 >	3094.000000	3096	(2.000000)
T[0][387]	3096 >	3102.000000	3104	(2.000000)
T[1][221]	3094 >	3107.000000	3108	(1.000000)
T[0][388]	3104 >	3110.000000	3112	(2.000000)
T[0][389]	3112 >	3118.000000	3120	(2.000000)
T[1][222]	3108 >	3121.000000	3122	(1.000000)
T[0][390]	3120 >	3126.000000	3128	(2.000000)
T[1][223]	3122 >	3133.000000	3136	(1.000000)
T[0][391]	3128 >	3134.000000	3136	(2.000000)
T[0][392]	3136 >	3142.000000	3144	(2.000000)
T[1][224]	3136 >	3149.000000	3150	(1.000000)
T[0][393]	3144 >	3150.000000	3152	(2.000000)
T[2][12]	2940 >	3152.000000	3160	(5.000000)
T[0][394]	3152 >	3157.000000	3160	(2.000000)
T[1][225]	3150 >	3159.000000	3164	(1.000000)
T[0][395]	3160 >	3160.000000	3168	(2.000000)
T[2][12]	2940 >	3162.000000	3176	(11.000000)
T[0][396]	3168 >	3173.000000	3176	(2.000000)
T[1][226]	3164 >	3175.000000	3178	(1.000000)
T[0][397]	3176 >	3176.000000	3184	(2.000000)
T[2][12]	2940 >	3178.000000	3185	(7.000000)
T[1][227]	3178 >	3189.000000	3192	(1.000000)
T[0][398]	3184 >	3190.000000	3192	(2.000000)
T[0][399]	3192 >	3198.000000	3200	(2.000000)
T[1][228]	3192 >	3205.000000	3206	(1.000000)
T[0][400]	3200 >	3206.000000	3208	(2.000000)
T[0][401]	3208 >	3214.000000	3216	(2.000000)
T[1][229]	3206 >	3219.000000	3220	(1.000000)
T[0][402]	3216 >	3222.000000	3224	(2.000000)
T[0][403]	3224 >	3230.000000	3232	(2.000000)
T[1][230]	3220 >	3233.000000	3234	(1.000000)
T[0][404]	3232 >	3238.000000	3240	(2.000000)
T[1][231]	3234 >	3245.000000	3248	(1.000000)
T[0][405]	3240 >	3246.000000	3248	(2.000000)
T[0][406]	3248 >	3254.000000	3256	(2.000000)
T[1][232]	3248 >	3261.000000	3262	(1.000000)
T[0][407]	3256 >	3262.000000	3264	(2.000000)
T[0][408]	3264 >	3270.000000	3272	(2.000000)
T[1][233]	3262 >	3275.000000	3276	(1.000000)
T[0][409]	3272 >	3278.000000	3280	(2.000000)
T[0][410]	3280 >	3286.000000	3288	(2.000000)
T[1][234]	3276 >	3289.000000	3290	(1.000000)
T[0][411]	3288 >	3294.000000	3296	(2.000000)
T[1][235]	3290 >	3301.000000	3304	(1.000000)
T[0][412]	3296 >	3302.000000	3304	(2.000000)
T[3][7]	2940 >	3307.000000	3312	(2.000000)
T[0][413]	3304 >	3309.000000	3312	(2.000000)
T[1][236]	3304 >	3311.000000	3318	(1.000000)
T[0][414]	3312 >	3312.000000	3320	(2.000000)
T[3][7]	2940 >	3314.000000	3328	(11.000000)
T[0][415]	3320 >	3325.000000	3328	(2.000000)
T[1][237]	3318 >	3327.000000	3332	(1.000000)
T[0][416]	3328 >	3328.000000	3336	(2.000000)
T[3][7]	2940 >	3330.000000	3344	(11.000000)
T[0][417]	3336 >	3341.000000	3344	(2.000000)
T[1][238]	3332 >	3343.000000	3346	(1.000000)
T[0][418]	3344 >	3344.000000	3352	(2.000000)
T[3][7]	2940 >	3346.000000	3360	(11.000000)
T[1][239]	3346 >	3357.000000	3360	(1.000000)
T[0][419]	3352 >	3358.000000	3360	(2.000000)
T[0][420]	3360 >	3366.000000	3368	(2.000000)
T[1][240]	3360 >	3373.000000	3374	(1.000000)
T[0][421]	3368 >	3374.000000	3376	(2.000000)
T[0][422]	3376 >	3382.000000	3384	(2.000000)
T[1][241]	3374 >	3387.000000	3388	(1.000000)
T[0][423]	3384 >	3390.000000	3392	(2.000000)
T[2][13]	3185 >	3396.000000	3400	(1.000000)
T[0][424]	3392 >	3397.000000	3400	(2.000000)
T[1][242]	3388 >	3399.000000	3402	(1.000000)
T[0][425]	3400 >	3400.000000	3408	(2.000000)
T[2][13]	3185 >	3402.000000	3416	(11.000000)
T[1][243]	3402 >	3413.000000	3416	(1.000000)
T[0][426]	3408 >	3414.000000	3416	(2.000000)
T[0][427]	3416 >	3416.000000	3424	(2.000000)
T[2][13]	3185 >	3418.000000	3430	(11.000000)
T[1][244]	3416 >	3429.000000	3430	(1.000000)
T[0][428]	3424 >	3430.000000	3432	(2.000000)
T[0][429]	3432 >	3438.000000	3440	(2.000000)
T[1][245]	3430 >	3443.000000	3444	(1.000000)
T[0][430]	3440 >	3446.000000	3448	(2.000000)
T[0][431]	3448 >	3454.000000	3456	(2.000000)
T[1][246]	3444 >	3457.000000	3458	(1.000000)
T[0][432]	3456 >	3462.000000	3464	(2.000000)
T[1][247]	3458 >	3469.000000	3472	(1.000000)
T[0][433]	3464 >	3470.000000	3472	(2.000000)
T[0][434]	3472 >	3478.000000	3480	(2.000000)
T[1][248]	3472 >	3485.000000	3486	(1.000000)
T[0][435]	3480 >	3486.000000	3488	(2.000000)
T[0][436]	3488 >	3494.000000	3496	(2.000000)
T[1][249]	3486 >	3499.000000	3500	(1.000000)
T[0][437]	3496 >	3502.000000	3504	(2.000000)
T[0][438]	3504 >	3510.000000	3512	(2.000000)
T[1][250]	3500 >	3513.000000	3514	(1.000000)
T[0][439]	3512 >	3518.000000	3520	(2.000000)
T[1][251]	3514 >	3525.000000	3528	(1.000000)
T[0][440]	3520 >	3526.000000	3528	(2.000000)
T[0][441]	3528 >	3534.000000	3536	(2.000000)
T[1][252]	3528 >	3541.000000	3542	(1.000000)
T[0][442]	3536 >	3542.000000	3544	(2.000000)
T[0][443]	3544 >	3550.000000	3552	(2.000000)
T[1][253]	3542 >	3555.000000	3556	(1.000000)
T[0][444]	3552 >	3558.000000	3560	(2.000000)
T[0][445]	3560 >	3566.000000	3568	(2.000000)
T[1][254]	3556 >	3569.000000	3570	(1.000000)
T[0][446]	3568 >	3574.000000	3576	(2.000000)
T[1][255]	3570 >	3581.000000	3584	(1.000000)
T[0][447]	3576 >	3582.000000	3584	(2.000000)
T[0][448]	3584 >	3590.000000	3592	(2.000000)
T[1][256]	3584 >	3597.000000	3598	(1.000000)
T[0][449]	3592 >	3598.000000	3600	(2.000000)
T[0][450]	3600 >	3606.000000	3608	(2.000000)
T[1][257]	3598 >	3611.000000	3612	(1.000000)
T[0][451]	3608 >	3614.000000	3616	(2.000000)
T[0][452]	3616 >	3622.000000	3624	(2.000000)
T[1][258]	3612 >	3625.000000	3626	(1.000000)
T[0][453]	3624 >	3630.000000	3632	(2.000000)
T[1][259]	3626 >	3637.000000	3640	(1.000000)
T[0][454]	3632 >	3638.000000	3640	(2.000000)
T[2][14]	3430 >	3642.000000	3648	(3.000000)
T[0][455]	3640 >	3645.000000	3648	(2.000000)
T[1][260]	3640 >	3647.000000	3654	(1.000000)
T[0][456]	3648 >	3648.000000	3656	(2.000000)
T[2][14]	3430 >	3650.000000	3664	(11.000000)
T[0][457]	3656 >	3661.000000	3664	(2.000000)
T[1][261]	3654 >	3663.000000	3668	(1.000000)
T[0][458]	3664 >	3664.000000	3672	(2.000000)
T[2][14]	3430 >	3666.000000	3675	(9.000000)
T[0][459]	3672 >	3678.000000	3680	(2.000000)
T[1][262]	3668 >	3681.000000	3682	(1.000000)
T[0][460]	3680 >	3686.000000	3688	(2.000000)
T[1][263]	3682 >	3693.000000	3696	(1.000000)
T[0][461]	3688 >	3694.000000	3696	(2.000000)
T[0][462]	3696 >	3702.000000	3704	(2.000000)
T[1][264]	3696 >	3709.000000	3710	(1.000000)
T[0][463]	3704 >	3710.000000	3712	(2.000000)
T[0][464]	3712 >	3718.000000	3720	(2.000000)
T[1][265]	3710 >	3723.000000	3724	(1.000000)
T[0][465]	3720 >	3726.000000	3728	(2.000000)
T[0][466]	3728 >	3733.000000	3736	(2.000000)
T[1][266]	3724 >	3735.000000	3738	(1.000000)
T[0][467]	3736 >	3736.000000	3744	(2.000000)
T[3][8]	3360 >	3738.000000	3752	(13.000000)
T[1][268]	3752 >	3751.000000	3752	(1.000000)
T[1][267]	3738 >	3749.000000	3752	(1.000000)
T[0][468]	3744 >	3750.000000	3752	(2.000000)
T[0][469]	3752 >	3758.000000	3760	(2.000000)
T[3][8]	3360 >	3753.000000	3768	(13.000000)
T[0][470]	3760 >	3766.000000	3768	(2.000000)
T[0][471]	3768 >	3768.000000	3776	(2.000000)
T[3][8]	3360 >	3770.000000	3780	(9.000000)
T[1][269]	3766 >	3779.000000	3780	(1.000000)
T[0][472]	3776 >	3782.000000	3784	(2.000000)
T[0][473]	3784 >	3790.000000	3792	(2.000000)
T[1][270]	3780 >	3793.000000	3794	(1.000000)
T[0][474]	3792 >	3798.000000	3800	(2.000000)
T[1][271]	3794 >	3805.000000	3808	(1.000000)
T[0][475]	3800 >	3806.000000	3808	(2.000000)
T[0][476]	3808 >	3814.000000	3816	(2.000000)
T[1][272]	3808 >	3821.000000	3822	(1.000000)
T[0][477]	3816 >	3822.000000	3824	(2.000000)
T[0][478]	3824 >	3830.000000	3832	(2.000000)
T[1][273]	3822 >	3835.000000	3836	(1.000000)
T[0][479]	3832 >	3838.000000	3840	(2.000000)
T[0][480]	3840 >	3846.000000	3848	(2.000000)
T[1][274]	3836 >	3849.000000	3850	(1.000000)
T[0][481]	3848 >	3854.000000	3856	(2.000000)
T[1][275]	3850 >	3861.000000	3864	(1.000000)
T[0][482]	3856 >	3862.000000	3864	(2.000000)
T[0][483]	3864 >	3870.000000	3872	(2.000000)
T[1][276]	3864 >	3877.000000	3878	(1.000000)
T[0][484]	3872 >	3878.000000	3880	(2.000000)
T[2][15]	3675 >	3884.000000	3888	(1.000000)
T[0][485]	3880 >	3885.000000	3888	(2.000000)
T[1][277]	3878 >	3887.000000	3892	(1.000000)
T[0][486]	3888 >	3888.000000	3896	(2.000000)
T[2][15]	3675 >	3890.000000	3904	(11.000000)
T[0][487]	3896 >	3901.000000	3904	(2.000000)
T[1][278]	3892 >	3903.000000	3906	(1.000000)
T[0][488]	3904 >	3904.000000	3912	(2.000000)
T[2][15]	3675 >	3906.000000	3920	(11.000000)
T[1][279]	3906 >	3917.000000	3920	(1.000000)
T[0][489]	3912 >	3918.000000	3920	(2.000000)
T[0][490]	3920 >	3926.000000	3928	(2.000000)
T[1][280]	3920 >	3933.000000	3934	(1.000000)
T[0][491]	3928 >	3934.000000	3936	(2.000000)
T[0][492]	3936 >	3942.000000	3944	(2.000000)
T[1][281]	3934 >	3947.000000	3948	(1.000000)
T[0][493]	3944 >	3950.000000	3952	(2.000000)
T[0][494]	3952 >	3958.000000	3960	(2.000000)
T[1][282]	3948 >	3961.000000	3962	(1.000000)
T[0][495]	3960 >	3966.000000	3968	(2.000000)
T[1][283]	3962 >	3973.000000	3976	(1.000000)
T[0][496]	3968 >	3974.000000	3976	(2.000000)
T[0][497]	3976 >	3982.000000	3984	(2.000000)
T[1][284]	3976 >	3989.000000	3990	(1.000000)
T[0][498]	3984 >	3990.000000	3992	(2.000000)
T[0][499]	3992 >	3998.000000	4000	(2.000000)
T[1][285]	3990 >	4003.000000	4004	(1.000000)
T[0][500]	4000 >	4006.000000	4008	(2.000000)
T[0][501]	4008 >	4014.000000	4016	(2.000000)
T[1][286]	4004 >	4017.000000	4018	(1.000000)
T[0][502]	4016 >	4022.000000	4024	(2.000000)
T[1][287]	4018 >	4029.000000	4032	(1.000000)
T[0][503]	4024 >	4030.000000	4032	(2.000000)
T[0][504]	4032 >	4038.000000	4040	(2.000000)
T[1][288]	4032 >	4045.000000	4046	(1.000000)
T[0][505]	4040 >	4046.000000	4048	(2.000000)
T[0][506]	4048 >	4054.000000	4056	(2.000000)
T[1][289]	4046 >	4059.000000	4060	(1.000000)
T[0][507]	4056 >	4062.000000	4064	(2.000000)
T[0][508]	4064 >	4070.000000	4072	(2.000000)
T[1][290]	4060 >	4073.000000	4074	(1.000000)
T[0][509]	4072 >	4078.000000	4080	(2.000000)
T[1][291]	4074 >	4085.000000	4088	(1.000000)
T[0][510]	4080 >	4086.000000	4088	(2.000000)
T[0][511]	4088 >	4094.000000	4096	(2.000000)
T[1][292]	4088 >	4101.000000	4102	(1.000000)
T[0][512]	4096 >	4102.000000	4104	(2.000000)
T[0][513]	4104 >	4110.000000	4112	(2.000000)
T[1][293]	4102 >	4115.000000	4116	(1.000000)
T[1][294]	4116 >	4117.000000	4120	(1.000000)
T[0][514]	4112 >	4118.000000	4120	(2.000000)
T[0][515]	4120 >	4126.000000	4128	(2.000000)
T[2][16]	3920 >	4122.000000	4136	(11.000000)
T[0][516]	4128 >	4133.000000	4136	(2.000000)
T[1][295]	4130 >	4135.000000	4144	(1.000000)
T[0][517]	4136 >	4136.000000	4144	(2.000000)
T[2][16]	3920 >	4138.000000	4152	(12.000000)
T[0][518]	4144 >	4150.000000	4152	(2.000000)
T[1][296]	4144 >	4157.000000	4158	(1.000000)
T[0][519]	4152 >	4158.000000	4160	(2.000000)
T[3][9]	3780 >	4152.000000	4168	(13.000000)
T[0][520]	4160 >	4165.000000	4168	(2.000000)
T[1][297]	4158 >	4167.000000	4172	(1.000000)
T[0][521]	4168 >	4168.000000	4176	(2.000000)
T[3][9]	3780 >	4170.000000	4184	(11.000000)
T[0][522]	4176 >	4181.000000	4184	(2.000000)
T[1][298]	4172 >	4183.000000	4186	(1.000000)
T[0][523]	4184 >	4184.000000	4192	(2.000000)
T[3][9]	3780 >	4186.000000	4200	(11.000000)
T[1][299]	4186 >	4197.000000	4200	(1.000000)
T[0][524]	4192 >	4198.000000	4200	(2.000000)
T[0][525]	4200 >	4206.000000	4208	(2.000000)
T[1][300]	4200 >	4213.000000	4214	(1.000000)
T[0][526]	4208 >	4214.000000	4216	(2.000000)
T[0][527]	4216 >	4222.000000	4224	(2.000000)
T[1][301]	4214 >	4227.000000	4228	(1.000000)
T[0][528]	4224 >	4230.000000	4232	(2.000000)
T[0][529]	4232 >	4238.000000	4240	(2.000000)
T[1][302]	4228 >	4241.000000	4242	(1.000000)
T[0][530]	4240 >	4246.000000	4248	(2.000000)
T[1][303]	4242 >	4253.000000	4256	(1.000000)
T[0][531]	4248 >	4254.000000	4256	(2.000000)
T[0][532]	4256 >	4262.000000	4264	(2.000000)
T[1][304]	4256 >	4269.000000	4270	(1.000000)
T[0][533]	4264 >	4270.000000	4272	(2.000000)
T[0][534]	4272 >	4278.000000	4280	(2.000000)
T[1][305]	4270 >	4283.000000	4284	(1.000000)
T[0][535]	4280 >	4286.000000	4288	(2.000000)
T[0][536]	4288 >	4294.000000	4296	(2.000000)
T[1][306]	4284 >	4297.000000	4298	(1.000000)
T[0][537]	4296 >	4302.000000	4304	(2.000000)
T[1][307]	4298 >	4309.000000	4312	(1.000000)
T[0][538]	4304 >	4310.000000	4312	(2.000000)
T[0][539]	4312 >	4318.000000	4320	(2.000000)
T[1][308]	4312 >	4325.000000	4326	(1.000000)
T[0][540]	4320 >	4326.000000	4328	(2.000000)
T[0][541]	4328 >	4334.000000	4336	(2.000000)
T[1][309]	4326 >	4339.000000	4340	(1.000000)
T[0][542]	4336 >	4342.000000	4344	(2.000000)
T[0][543]	4344 >	4350.000000	4352	(2.000000)
T[1][310]	4340 >	4353.000000	4354	(1.000000)
T[0][544]	4352 >	4358.000000	4360	(2.000000)
T[1][311]	4354 >	4365.000000	4368	(1.000000)
T[0][545]	4360 >	4366.000000	4368	(2.000000)
T[0][546]	4368 >	4374.000000	4376	(2.000000)
T[0][547]	4376 >	4379.000000	4382	(1.000000)
T[2][17]	4165 >	4380.000000	4382	(1.000000)
T[1][312]	4368 >	4381.000000	4382	(1.000000)
T[1][313]	4382 >	4382.000000	4384	(1.000000)
T[0][547]	4376 >	4383.000000	4384	(1.000000)
T[0][548]	4384 >	4390.000000	4392	(2.000000)
T[2][17]	4165 >	4383.000000	4400	(15.000000)
T[0][549]	4392 >	4398.000000	4400	(2.000000)
T[0][550]	4400 >	4400.000000	4408	(2.000000)
T[2][17]	4165 >	4402.000000	4410	(7.000000)
T[1][314]	4396 >	4409.000000	4410	(1.000000)
T[0][551]	4408 >	4414.000000	4416	(2.000000)
T[1][315]	4410 >	4421.000000	4424	(1.000000)
T[0][552]	4416 >	4422.000000	4424	(2.000000)
T[0][553]	4424 >	4430.000000	4432	(2.000000)
T[1][316]	4424 >	4437.000000	4438	(1.000000)
T[0][554]	4432 >	4438.000000	4440	(2.000000)
T[0][555]	4440 >	4446.000000	4448	(2.000000)
T[1][317]	4438 >	4451.000000	4452	(1.000000)
T[0][556]	4448 >	4454.000000	4456	(2.000000)
T[0][557]	4456 >	4462.000000	4464	(2.000000)
T[1][318]	4452 >	4465.000000	4466	(1.000000)
T[0][558]	4464 >	4470.000000	4472	(2.000000)
T[1][319]	4466 >	4477.000000	4480	(1.000000)
T[0][559]	4472 >	4478.000000	4480	(2.000000)
T[0][560]	4480 >	4486.000000	4488	(2.000000)
T[1][320]	4480 >	4493.000000	4494	(1.000000)
T[0][561]	4488 >	4494.000000	4496	(2.000000)
T[0][562]	4496 >	4502.000000	4504	(2.000000)
T[1][321]	4494 >	4507.000000	4508	(1.000000)
T[0][563]	4504 >	4510.000000	4512	(2.000000)
T[0][564]	4512 >	4518.000000	4520	(2.000000)
T[1][322]	4508 >	4521.000000	4522	(1.000000)
T[0][565]	4520 >	4526.000000	4528	(2.000000)
T[1][323]	4522 >	4533.000000	4536	(1.000000)
T[0][566]	4528 >	4534.000000	4536	(2.000000)
T[0][567]	4536 >	4542.000000	4544	(2.000000)
T[1][324]	4536 >	4549.000000	4550	(1.000000)
T[0][568]	4544 >	4550.000000	4552	(2.000000)
T[0][569]	4552 >	4558.000000	4560	(2.000000)
T[1][325]	4550 >	4563.000000	4564	(1.000000)
T[0][570]	4560 >	4566.000000	4568	(2.000000)
T[0][571]	4568 >	4573.000000	4576	(2.000000)
T[1][326]	4564 >	4575.000000	4578	(1.000000)
T[0][572]	4576 >	4576.000000	4584	(2.000000)
T[3][10]	4200 >	4578.000000	4592	(13.000000)
T[1][328]	4592 >	4591.000000	4592	(1.000000)
T[1][327]	4578 >	4589.000000	4592	(1.000000)
T[0][573]	4584 >	4590.000000	4592	(2.000000)
T[0][574]	4592 >	4598.000000	4600	(2.000000)
T[3][10]	4200 >	4593.000000	4608	(13.000000)
T[0][575]	4600 >	4606.000000	4608	(2.000000)
T[0][576]	4608 >	4608.000000	4616	(2.000000)
T[3][10]	4200 >	4610.000000	4620	(9.000000)
T[1][329]	4606 >	4619.000000	4620	(1.000000)
T[1][330]	4620 >	4621.000000	4624	(1.000000)
T[0][577]	4616 >	4622.000000	4624	(2.000000)
T[0][578]	4624 >	4630.000000	4632	(2.000000)
T[2][18]	4410 >	4626.000000	4640	(11.000000)
T[0][579]	4632 >	4637.000000	4640	(2.000000)
T[1][331]	4634 >	4639.000000	4648	(1.000000)
T[0][580]	4640 >	4640.000000	4648	(2.000000)
T[2][18]	4410 >	4642.000000	4655	(12.000000)
T[0][581]	4648 >	4654.000000	4656	(2.000000)
T[1][332]	4648 >	4661.000000	4662	(1.000000)
T[0][582]	4656 >	4662.000000	4664	(2.000000)
T[0][583]	4664 >	4670.000000	4672	(2.000000)
T[1][333]	4662 >	4675.000000	4676	(1.000000)
T[0][584]	4672 >	4678.000000	4680	(2.000000)
T[0][585]	4680 >	4686.000000	4688	(2.000000)
T[1][334]	4676 >	4689.000000	4690	(1.000000)
T[0][586]	4688 >	4694.000000	4696	(2.000000)
T[1][335]	4690 >	4701.000000	4704	(1.000000)
T[0][587]	4696 >	4702.000000	4704	(2.000000)
T[0][588]	4704 >	4710.000000	4712	(2.000000)
T[1][336]	4704 >	4717.000000	4718	(1.000000)
T[0][589]	4712 >	4718.000000	4720	(2.000000)
T[0][590]	4720 >	4726.000000	4728	(2.000000)
T[1][337]	4718 >	4731.000000	4732	(1.000000)
T[0][591]	4728 >	4734.000000	4736	(2.000000)
T[0][592]	4736 >	4742.000000	4744	(2.000000)
T[1][338]	4732 >	4745.000000	4746	(1.000000)
T[0][593]	4744 >	4750.000000	4752	(2.000000)
T[1][339]	4746 >	4757.000000	4760	(1.000000)
T[0][594]	4752 >	4758.000000	4760	(2.000000)
T[0][595]	4760 >	4766.000000	4768	(2.000000)
T[1][340]	4760 >	4773.000000	4774	(1.000000)
T[0][596]	4768 >	4774.000000	4776	(2.000000)
T[0][597]	4776 >	4782.000000	4784	(2.000000)
T[1][341]	4774 >	4787.000000	4788	(1.000000)
T[0][598]	4784 >	4790.000000	4792	(2.000000)
T[0][599]	4792 >	4798.000000	4800	(2.000000)
T[1][342]	4788 >	4801.000000	4802	(1.000000)
T[0][600]	4800 >	4806.000000	4808	(2.000000)
T[1][343]	4802 >	4813.000000	4816	(1.000000)
T[0][601]	4808 >	4814.000000	4816	(2.000000)
T[0][602]	4816 >	4822.000000	4824	(2.000000)
T[1][344]	4816 >	4829.000000	4830	(1.000000)
T[0][603]	4824 >	4830.000000	4832	(2.000000)
T[0][604]	4832 >	4838.000000	4840	(2.000000)
T[1][345]	4830 >	4843.000000	4844	(1.000000)
T[0][605]	4840 >	4846.000000	4848	(2.000000)
T[0][606]	4848 >	4854.000000	4856	(2.000000)
T[1][346]	4844 >	4857.000000	4858	(1.000000)
T[0][607]	4856 >	4862.000000	4864	(2.000000)
T[2][19]	4655 >	4870.000000	4872	(1.000000)
T[1][348]	4872 >	4871.000000	4872	(1.000000)
T[1][347]	4858 >	4869.000000	4872	(1.000000)
T[0][608]	4864 >	4870.000000	4872	(2.000000)
T[0][609]	4872 >	4878.000000	4880	(2.000000)
T[2][19]	4655 >	4873.000000	4888	(13.000000)
T[0][610]	4880 >	4886.000000	4888	(2.000000)
T[0][611]	4888 >	4888.000000	4896	(2.000000)
T[2][19]	4655 >	4890.000000	4900	(9.000000)
T[1][349]	4886 >	4899.000000	4900	(1.000000)
T[0][612]	4896 >	4902.000000	4904	(2.000000)
T[0][613]	4904 >	4910.000000	4912	(2.000000)
T[1][350]	4900 >	4913.000000	4914	(1.000000)
T[0][614]	4912 >	4918.000000	4920	(2.000000)
T[1][351]	4914 >	4925.000000	4928	(1.000000)
T[0][615]	4920 >	4926.000000	4928	(2.000000)
T[0][616]	4928 >	4934.000000	4936	(2.000000)
T[1][352]	4928 >	4941.000000	4942	(1.000000)
T[0][617]	4936 >	4942.000000	4944	(2.000000)
T[0][618]	4944 >	4950.000000	4952	(2.000000)
T[1][353]	4942 >	4955.000000	4956	(1.000000)
T[0][619]	4952 >	4958.000000	4960	(2.000000)
T[0][620]	4960 >	4966.000000	4968	(2.000000)
T[1][354]	4956 >	4969.000000	4970	(1.000000)
T[0][621]	4968 >	4974.000000	4976	(2.000000)
T[1][355]	4970 >	4981.000000	4984	(1.000000)
T[0][622]	4976 >	4982.000000	4984	(2.000000)
T[3][11]	4620 >	4987.000000	4992	(2.000000)
T[0][623]	4984 >	4989.000000	4992	(2.000000)
T[1][356]	4984 >	4991.000000	4998	(1.000000)
T[0][624]	4992 >	4992.000000	5000	(2.000000)
T[3][11]	4620 >	4994.000000	5008	(11.000000)
T[0][625]	5000 >	5005.000000	5008	(2.000000)
T[1][357]	4998 >	5007.000000	5012	(1.000000)
T[0][626]	5008 >	5008.000000	5016	(2.000000)
T[3][11]	4620 >	5010.000000	5024	(11.000000)
T[0][627]	5016 >	5021.000000	5024	(2.000000)
T[1][358]	5012 >	5023.000000	5026	(1.000000)
T[0][628]	5024 >	5024.000000	5032	(2.000000)
T[3][11]	4620 >	5026.000000	5040	(11.000000)
T[1][359]	5026 >	5037.000000	5040	(1.000000)
T[0][629]	5032 >	5038.000000	5040	(2.000000)
T[0][630]	5040 >	5046.000000	5048	(2.000000)
T[1][360]	5040 >	5053.000000	5054	(1.000000)
T[0][631]	5048 >	5054.000000	5056	(2.000000)
T[0][632]	5056 >	5062.000000	5064	(2.000000)
T[1][361]	5054 >	5067.000000	5068	(1.000000)
T[0][633]	5064 >	5070.000000	5072	(2.000000)
T[0][634]	5072 >	5078.000000	5080	(2.000000)
T[1][362]	5068 >	5081.000000	5082	(1.000000)
T[0][635]	5080 >	5086.000000	5088	(2.000000)
T[1][363]	5082 >	5093.000000	5096	(1.000000)
T[0][636]	5088 >	5094.000000	5096	(2.000000)
T[0][637]	5096 >	5102.000000	5104	(2.000000)
T[1][364]	5096 >	5109.000000	5110	(1.000000)
T[0][638]	5104 >	5110.000000	5112	(2.000000)
T[2][20]	4900 >	5112.000000	5120	(5.000000)
T[0][639]	5112 >	5117.000000	5120	(2.000000)
T[1][365]	5110 >	5119.000000	5124	(1.000000)
T[0][640]	5120 >	5120.000000	5128	(2.000000)
T[2][20]	4900 >	5122.000000	5136	(11.000000)
T[0][641]	5128 >	5133.000000	5136	(2.000000)
T[1][366]	5124 >	5135.000000	5138	(1.000000)
T[0][642]	5136 >	5136.000000	5144	(2.000000)
T[2][20]	4900 >	5138.000000	5145	(7.000000)
T[1][367]	5138 >	5149.000000	5152	(1.000000)
T[0][643]	5144 >	5150.000000	5152	(2.000000)
T[0][644]	5152 >	5158.000000	5160	(2.000000)
T[1][368]	5152 >	5165.000000	5166	(1.000000)
T[0][645]	5160 >	5166.000000	5168	(2.000000)
T[0][646]	5168 >	5174.000000	5176	(2.000000)
T[1][369]	5166 >	5179.000000	5180	(1.000000)
T[0][647]	5176 >	5182.000000	5184	(2.000000)
T[0][648]	5184 >	5190.000000	5192	(2.000000)
T[1][370]	5180 >	5193.000000	5194	(1.000000)
T[0][649]	5192 >	5198.000000	5200	(2.000000)
T[1][371]	5194 >	5205.000000	5208	(1.000000)
T[0][650]	5200 >	5206.000000	5208	(2.000000)
T[0][651]	5208 >	5214.000000	5216	(2.000000)
T[1][372]	5208 >	5221.000000	5222	(1.000000)
T[0][652]	5216 >	5222.000000	5224	(2.000000)
T[0][653]	5224 >	5230.000000	5232	(2.000000)
T[1][373]	5222 >	5235.000000	5236	(1.000000)
T[0][654]	5232 >	5238.000000	5240	(2.000000)
T[0][655]	5240 >	5246.000000	5248	(2.000000)
T[1][374]	5236 >	5249.000000	5250	(1.000000)
T[0][656]	5248 >	5254.000000	5256	(2.000000)
T[1][375]	5250 >	5261.000000	5264	(1.000000)
T[0][657]	5256 >	5262.000000	5264	(2.000000)
T[0][658]	5264 >	5270.000000	5272	(2.000000)
T[1][376]	5264 >	5277.000000	5278	(1.000000)
T[0][659]	5272 >	5278.000000	5280	(2.000000)
T[0][660]	5280 >	5286.000000	5288	(2.000000)
T[1][377]	5278 >	5291.000000	5292	(1.000000)
T[0][661]	5288 >	5294.000000	5296	(2.000000)
T[0][662]	5296 >	5302.000000	5304	(2.000000)
T[1][378]	5292 >	5305.000000	5306	(1.000000)
T[0][663]	5304 >	5310.000000	5312	(2.000000)
T[1][379]	5306 >	5317.000000	5320	(1.000000)
T[0][664]	5312 >	5318.000000	5320	(2.000000)
T[0][665]	5320 >	5326.000000	5328	(2.000000)
T[1][380]	5320 >	5333.000000	5334	(1.000000)
T[0][666]	5328 >	5334.000000	5336	(2.000000)
T[0][667]	5336 >	5342.000000	5344	(2.000000)
T[1][381]	5334 >	5347.000000	5348	(1.000000)
T[0][668]	5344 >	5350.000000	5352	(2.000000)
T[2][21]	5145 >	5356.000000	5360	(1.000000)
T[0][669]	5352 >	5357.000000	5360	(2.000000)
T[1][382]	5348 >	5359.000000	5362	(1.000000)
T[0][670]	5360 >	5360.000000	5368	(2.000000)
T[2][21]	5145 >	5362.000000	5376	(11.000000)
T[1][383]	5362 >	5373.000000	5376	(1.000000)
T[0][671]	5368 >	5374.000000	5376	(2.000000)
T[0][672]	5376 >	5376.000000	5384	(2.000000)
T[2][21]	5145 >	5378.000000	5390	(11.000000)
T[1][384]	5376 >	5389.000000	5390	(1.000000)
T[0][673]	5384 >	5390.000000	5392	(2.000000)
T[0][674]	5392 >	5398.000000	5400	(2.000000)
T[1][385]	5390 >	5403.000000	5404	(1.000000)
T[0][675]	5400 >	5406.000000	5408	(2.000000)
T[0][676]	5408 >	5413.000000	5416	(2.000000)
T[1][386]	5404 >	5415.000000	5418	(1.000000)
T[0][677]	5416 >	5416.000000	5424	(2.000000)
T[3][12]	5040 >	5418.000000	5432	(13.000000)
T[1][388]	5432 >	5431.000000	5432	(1.000000)
T[1][387]	5418 >	5429.000000	5432	(1.000000)
T[0][678]	5424 >	5430.000000	5432	(2.000000)
T[0][679]	5432 >	5438.000000	5440	(2.000000)
T[3][12]	5040 >	5433.000000	5448	(13.000000)
T[0][680]	5440 >	5446.000000	5448	(2.000000)
T[0][681]	5448 >	5448.000000	5456	(2.000000)
T[3][12]	5040 >	5450.000000	5460	(9.000000)
T[1][389]	5446 >	5459.000000	5460	(1.000000)
T[0][682]	5456 >	5462.000000	5464	(2.000000)
T[0][683]	5464 >	5470.000000	5472	(2.000000)
T[1][390]	5460 >	5473.000000	5474	(1.000000)
T[0][684]	5472 >	5478.000000	5480	(2.000000)
T[1][391]	5474 >	5485.000000	5488	(1.000000)
T[0][685]	5480 >	5486.000000	5488	(2.000000)
T[0][686]	5488 >	5494.000000	5496	(2.000000)
T[1][392]	5488 >	5501.000000	5502	(1.000000)
T[0][687]	5496 >	5502.000000	5504	(2.000000)
T[0][688]	5504 >	5510.000000	5512	(2.000000)
T[1][393]	5502 >	5515.000000	5516	(1.000000)
T[0][689]	5512 >	5518.000000	5520	(2.000000)
T[0][690]	5520 >	5526.000000	5528	(2.000000)
T[1][394]	5516 >	5529.000000	5530	(1.000000)
T[0][691]	5528 >	5534.000000	5536	(2.000000)
T[1][395]	5530 >	5541.000000	5544	(1.000000)
T[0][692]	5536 >	5542.000000	5544	(2.000000)
T[0][693]	5544 >	5550.000000	5552	(2.000000)
T[1][396]	5544 >	5557.000000	5558	(1.000000)
T[0][694]	5552 >	5558.000000	5560	(2.000000)
T[0][695]	5560 >	5566.000000	5568	(2.000000)
T[1][397]	5558 >	5571.000000	5572	(1.000000)
T[0][696]	5568 >	5574.000000	5576	(2.000000)
T[0][697]	5576 >	5582.000000	5584	(2.000000)
T[1][398]	5572 >	5585.000000	5586	(1.000000)
T[0][698]	5584 >	5590.000000	5592	(2.000000)
T[1][399]	5586 >	5597.000000	5600	(1.000000)
T[0][699]	5592 >	5598.000000	5600	(2.000000)
T[2][22]	5390 >	5602.000000	5608	(3.000000)
T[0][700]	5600 >	5605.000000	5608	(2.000000)
T[1][400]	5600 >	5607.000000	5614	(1.000000)
T[0][701]	5608 >	5608.000000	5616	(2.000000)
T[2][22]	5390 >	5610.000000	5624	(11.000000)
T[0][702]	5616 >	5621.000000	5624	(2.000000)
T[1][401]	5614 >	5623.000000	5628	(1.000000)
T[0][703]	5624 >	5624.000000	5632	(2.000000)
T[2][22]	5390 >	5626.000000	5635	(9.000000)
T[0][704]	5632 >	5638.000000	5640	(2.000000)
T[1][402]	5628 >	5641.000000	5642	(1.000000)
T[0][705]	5640 >	5646.000000	5648	(2.000000)
T[1][403]	5642 >	5653.000000	5656	(1.000000)
T[0][706]	5648 >	5654.000000	5656	(2.000000)
T[0][707]	5656 >	5662.000000	5664	(2.000000)
T[1][404]	5656 >	5669.000000	5670	(1.000000)
T[0][708]	5664 >	5670.000000	5672	(2.000000)
T[0][709]	5672 >	5678.000000	5680	(2.000000)
T[1][405]	5670 >	5683.000000	5684	(1.000000)
T[0][710]	5680 >	5686.000000	5688	(2.000000)
T[0][711]	5688 >	5694.000000	5696	(2.000000)
T[1][406]	5684 >	5697.000000	5698	(1.000000)
T[0][712]	5696 >	5702.000000	5704	(2.000000)
T[1][407]	5698 >	5709.000000	5712	(1.000000)
T[0][713]	5704 >	5710.000000	5712	(2.000000)
T[0][714]	5712 >	5718.000000	5720	(2.000000)
T[1][408]	5712 >	5725.000000	5726	(1.000000)
T[0][715]	5720 >	5726.000000	5728	(2.000000)
T[0][716]	5728 >	5734.000000	5736	(2.000000)
T[1][409]	5726 >	5739.000000	5740	(1.000000)
T[0][717]	5736 >	5742.000000	5744	(2.000000)
T[0][718]	5744 >	5750.000000	5752	(2.000000)
T[1][410]	5740 >	5753.000000	5754	(1.000000)
T[0][719]	5752 >	5758.000000	5760	(2.000000)
T[1][411]	5754 >	5765.000000	5768	(1.000000)
T[0][720]	5760 >	5766.000000	5768	(2.000000)
T[0][721]	5768 >	5774.000000	5776	(2.000000)
T[1][412]	5768 >	5781.000000	5782	(1.000000)
T[0][722]	5776 >	5782.000000	5784	(2.000000)
T[0][723]	5784 >	5790.000000	5792	(2.000000)
T[1][413]	5782 >	5795.000000	5796	(1.000000)
T[0][724]	5792 >	5798.000000	5800	(2.000000)
T[0][725]	5800 >	5806.000000	5808	(2.000000)
T[1][414]	5796 >	5809.000000	5810	(1.000000)
T[3][13]	5460 >	5812.000000	5816	(1.000000)
T[0][726]	5808 >	5813.000000	5816	(2.000000)
T[1][415]	5810 >	5815.000000	5824	(1.000000)
T[0][727]	5816 >	5816.000000	5824	(2.000000)
T[3][13]	5460 >	5818.000000	5832	(11.000000)
T[0][728]	5824 >	5829.000000	5832	(2.000000)
T[1][416]	5824 >	5831.000000	5838	(1.000000)
T[0][729]	5832 >	5832.000000	5840	(2.000000)
T[3][13]	5460 >	5834.000000	5848	(11.000000)
T[0][730]	5840 >	5845.000000	5848	(2.000000)
T[1][417]	5838 >	5847.000000	5852	(1.000000)
T[0][731]	5848 >	5848.000000	5856	(2.000000)
T[3][13]	5460 >	5850.000000	5864	(12.000000)
T[0][732]	5856 >	5862.000000	5864	(2.000000)
T[1][418]	5852 >	5865.000000	5866	(1.000000)
T[0][733]	5864 >	5870.000000	5872	(2.000000)
T[2][23]	5635 >	5854.000000	5880	(23.000000)
T[1][419]	5866 >	5877.000000	5880	(1.000000)
T[0][734]	5872 >	5878.000000	5880	(2.000000)
